image: new_env_laser.pgm
resolution: 0.050000
origin: [-18.713085, -61.350861, 0.000000]
negate: 0
occupied_thresh: 0.65
free_thresh: 0.196

